cam0=[1758.23 0 953.34; 0 1758.23 552.29; 0 0 1]
cam1=[1758.23 0 953.34; 0 1758.23 552.29; 0 0 1]
doffs=0
baseline=111.53
width=1920
height=1080
ndisp=290
vmin=75
vmax=262
